3586
807
3679
22
1944
2574
2301
4343
2398
2889
2072
2691
180
3804
224
2728
3414
3452
4285
2576
4310
2575
3582
2508
3871
2937
4407
3664
1378
2642
2215
1722
765
3578
3010
4977
1008
662
4120
4499
4976
436
3619
1029
3789
35
4170
4590
1219
3840
1437
4770
1701
244
268
2120
2443
65
2849
3173
1975
4324
4141
805
2200
220
4390
4436
276
2835
324
2181
72
327
28
275
3265
3969
1718
2134
18
2604
4341
1898
666
1224
4474
382
134
3395
2568
652
2346
4963
4717
126
3052
866
3838
819
784
2982
4752
781
4012
290
196
4237
1076
64
4032
2680
1412
1146
2703
2106
408
3244
54
2898
1634
645
542
747
3267
1102
4161
4288
360
464
2783
4775
916
2936
148
1324
4074
2163
1157
1205
4926
3379
3834
978
4912
1206
1290
1208
3384
3123
4994
4412
3716
2388
3122
4342
1551
600
48
4055
3189
2502
3985
346
1186
3444
4730
105
2998
214
2162
2360
1179
4185
2037
100
192
2104
744
2533
1882
1742
3950
1568
4379
4708
58
4158
217
3464
162
3785
804
1311
3368
834
4437
270
556
513
4135
2145
989
2624
428
298
1622
1552
1595
4089
568
848
2171
4174
1561
4769
2440
3938
4577
4585
3393
1519
2612
1002
2848
4026
4825
1972
1260
4514
3738
4553
3116
4955
3291
2193
2324
4504
736
222
168
2014
1368
3629
4490
3454
1134
2561
1170
2840
4596
576
1335
4251
518
4394
3114
938
1465
1822
1267
3088
4393
130
2526
4874
3816
2016
1824
392
4720
1086
1923
202
1904
4900
2038
680
3071
524
4368
614
2509
774
2913
550
3601
2721
2915
254
2563
2582
1751
1584
665
2372
2044
3215
446
4266
1938
3211
1771
4277
438
296
2471
817
4737
4100
4530
4910
274
4378
3652
1282
368
3903
850
1488
256
664
2186
1149
3346
4262
50
4034
718
4588
1648
4023
1491
2945
4216
1210
1228
3081
2253
4116
4202
4400
956
4496
2538
3492
4008
4785
26
4296
2128
4648
1190
623
304
1958
4108
3624
496
4875
3196
1497
1864
1395
2859
1670
3094
4024
4083
1046
4935
3920
2794
1752
2924
3899
1687
4029
469
3683
1042
2414
314
2073
1457
4920
216
2020
4234
2955
2495
584
2157
3913
987
306
820
4284
2155
2765
69
4961
2750
495
1792
2977
2247
2402
2732
210
1455
8
1563
3070
3506
4612
3033
1837
2580
3886
4434
1460
4123
2064
3131
335
2013
2674
777
1288
1548
3638
2970
2804
4165
4478
852
1977
2350
3523
458
1577
1338
1948
1625
3682
3242
1911
2382
4827
4060
1141
3201
4460
3328
219
3200
2412
3717
355
3928
4066
2369
3948
520
3073
4685
403
565
2645
1090
822
2497
4997
3806
4803
1936
4131
2605
447
2638
742
2505
3108
3236
4179
2702
3042
4711
993
2871
4628
3423
82
1894
2592
3572
4169
3465
56